#0
1
2
3
4
8
9
10
16
17
19
20
23
24
25
28
32
36
37
41
43
50
51
56
57
59
60
61
62
63
64
66
68
69
70
73
74
76
78
81
82
83
84
86
87
89
90
91
94
99
101
103
104
106
107
108
109
110
113
114
120
122
127
129
130
131
132
134
138
139
140
144
146
147
148
151
152
153
154
155
156
157
159
161
164
166
168
171
175
178
180
181
182
183
184
186
188
196
198
200
206
208
209
210
212
214
215
217
218
219
220
222
224
226
227
229
230
231
235
236
239
240
244
245
247
249
251
252
254
261
262
264
265
266
268
270
272
274
276
277
279
281
285
286
287
289
294
298
300
302
303
304
306
308
311
312
313
314
316
318
320
323
324
326
327
329
330
331
332
334
337
339
341
343
344
345
347
348
350
352
353
354
355
357
359
360
361
363
364
366
367
369
372
376
378
379
380
382
384
386
387
388
389
393
394
399
400
401
402
403
405
407
408
410
412
413
414
415
417
418
419
420
425
430
438
440
444
445
454
456
457
459
461
463
468
469
473
477
478
482
484
485
486
487
488
494
495
496
507
508
509
512
513
517
518
519
521
522
523
527
528
530
531
532
533
534
538
542
546
550
551
552
554
556
558
560
561
564
565
567
569
570
571
572
574
575
576
581
582
583
584
587
588
590
591
592
595
596
601
604
606
607
608
616
617
621
622
623
628
630
632
633
634
636
639
641
642
644
646
651
654
655
657
658
661
662
663
666
668
672
673
675
676
677
678
679
685
687
688
691
696
698
700
702
703
704
705
706
708
711
712
714
717
719
721
722
723
731
734
736
739
740
741
744
745
747
748
749
750
752
753
755
756
757
758
760
763
764
765
769
773
775
776
777
780
786
787
788
794
795
796
797
799
801
803
806
807
808
811
812
815
816
818
820
821
825
828
830
831
835
836
838
839
843
846
847
848
849
850
851
854
856
857
860
862
864
870
876
878
879
880
881
883
886
889
891
892
896
898
899
900
908
909
910
913
914
915
917
918
920
924
925
927
929
931
934
936
937
939
940
942
943
947
949
952
957
959
960
965
966
971
972
973
975
979
981
982
984
985
986
991
993
996
#1
0
5
6
7
11
12
14
15
18
21
22
27
29
30
31
34
35
38
39
40
42
44
45
46
47
48
49
52
53
54
55
58
67
71
72
77
79
80
85
88
93
95
96
97
98
100
102
105
112
115
116
117
118
119
121
123
124
125
126
128
133
135
136
137
141
142
143
145
149
150
158
160
162
163
165
167
169
170
172
173
174
176
177
179
185
189
190
191
192
194
195
197
199
201
202
203
204
205
207
211
213
221
223
225
228
232
233
237
238
241
242
243
246
248
250
253
255
256
257
258
259
260
263
267
269
271
273
275
278
280
282
283
284
288
290
291
292
293
295
296
299
301
305
309
310
315
317
319
321
322
325
333
335
336
338
342
346
351
358
362
365
368
370
371
373
374
375
377
385
391
392
396
397
398
404
406
409
411
416
421
422
423
424
426
427
428
429
431
432
433
434
435
436
437
439
441
442
443
446
447
448
449
450
453
455
458
460
462
465
466
467
470
471
472
474
475
476
479
480
483
489
490
491
492
493
498
499
500
501
502
503
505
506
510
514
516
520
525
535
537
539
540
541
543
544
545
547
549
553
555
557
563
566
568
573
577
578
579
580
585
586
589
593
594
597
599
600
602
603
610
611
612
613
614
615
618
619
620
624
625
626
627
629
631
635
637
638
640
643
645
647
648
650
652
653
656
659
660
664
665
667
669
670
671
674
680
681
684
686
689
690
692
693
694
695
697
699
701
709
710
713
715
716
718
720
724
725
726
727
729
730
732
733
735
737
738
742
743
746
751
754
759
761
762
766
767
768
770
771
772
774
778
779
781
782
783
785
789
790
791
792
793
798
800
802
804
805
809
813
814
819
822
823
824
826
827
829
832
833
834
837
840
841
842
845
852
853
855
858
859
861
863
865
866
868
869
871
872
873
874
875
877
882
884
887
890
893
894
895
897
901
902
903
904
905
906
912
916
919
921
922
923
926
928
930
932
933
935
941
944
945
946
948
950
951
953
954
955
956
958
961
962
963
964
968
969
974
976
977
978
980
983
987
988
989
990
992
994
995
997
998
999
#outlier
13
26
33
65
75
92
111
187
193
216
234
297
307
328
340
349
356
381
383
390
395
451
452
464
481
497
504
511
515
524
526
529
536
548
559
562
598
605
609
649
682
683
707
728
784
810
817
844
867
885
888
907
911
938
967
970
