0.472029492439 0.704872846473
0.270594472309 -0.178616620717
1.80310650358 -0.0651035547928
1.28182852069 -0.542617287148
0.518651969586 -0.519864736076
0.89115662964 0.531916360112
-1.0364082271 0.209927669904
0.879540350648 0.564677019049
1.76496229602 -0.0836370693666
1.28837575568 -0.42743347813
1.84796770558 -0.135233274733
-0.559048492523 0.768496217413
0.792450139074 0.665608627399
1.1906056222 0.330813649994
0.393813840999 0.746298211132
-0.212775876862 0.942807110426
1.36605915466 -0.561507393041
1.03695599858 -0.554457241153
0.124479605621 1.05013565318
0.760051605869 -0.484173461899
1.9395525688 -0.12519571473
0.667092408465 0.624237931471
0.603570871422 0.704320102459
1.46589167245 -0.226808778523
0.305995833071 -0.306696349312
1.78372687412 -0.210676655356
1.04477347811 0.637676700954
-0.645578018041 0.70152178132
1.67092891166 -0.10450311354
0.865027468833 0.72205111817
0.95366275727 0.407192670142
0.909473599104 0.646358795566
-0.0868276421301 0.394596877699
2.24308234022 0.352994486748
-0.95433726521 0.58048348457
1.10180813732 0.0691272847999
0.285999216617 -0.207547320071
1.98755618964 0.153897957981
-0.485426527839 0.983885277773
-0.905715008713 0.552060654796
0.164307713076 0.865476688044
-0.0909124168422 0.306753346717
1.01258095333 -0.0302424968259
0.497257334081 -0.456850860062
0.968090314665 0.338583875401
0.764912928939 0.757143973087
0.597004862845 0.887518037832
-0.331076070881 0.851739219779
-0.331955720744 1.09451619223
-1.06419308329 0.468688511254
0.0844253527682 -0.00988403794062
0.0655059025911 0.24336583584
-0.692174408186 0.789699819057
-0.316301677607 0.868939907243
-0.47302431604 0.728755852724
-1.1649726217 0.131529572198
1.30587420866 -0.373472013013
0.911178289384 -0.555315034463
0.672764756053 0.565645860186
1.94494089126 0.439874630289
1.88143200256 0.080270287276
0.950295743626 -0.367699937622
1.31142845987 -0.473274243963
0.242612384975 -0.381943754599
0.291282726248 0.0178638025396
-0.853040835501 -0.0727785903588
1.30561251058 -0.41278197715
0.208741506484 1.02793461763
0.636249023194 -0.540685713811
2.10322214537 0.421029903626
1.67717605937 -0.195918558376
0.142466524843 0.896562046123
0.595909884969 0.968688204002
1.62924616001 -0.386943361827
1.79410634838 0.175610782295
2.19195783867 0.660650675352
0.834501532438 -0.622688812979
0.997811647782 0.26285917766
1.54876963092 -0.133713738286
0.868098972889 0.396052589647
-0.782791352025 0.765613056923
0.12204768386 0.209131837825
1.87488934889 0.293901600553
0.784099212231 -0.389396539812
0.951250399603 -0.641018209528
0.64836046469 0.79609301124
0.465153613521 -0.154249564816
1.42298872523 -0.472901186001
0.910791001231 0.458600817852
1.32893667642 -0.39669677795
1.60892831031 -0.206285894916
1.87398840298 -0.183465052691
-0.0887233404004 0.648579955426
0.657101275369 0.755024487165
1.16682790148 -0.48217422901
0.773999571686 0.362397603458
-0.321845342462 0.854959426306
-0.93650909023 0.528822318476
0.376507259838 0.926800142295
1.08716503286 -0.530096747795
-0.758407838124 0.591724111298
1.7378486369 -0.290908710438
-0.89874412955 0.0861543834926
1.77422656362 0.0244728747634
0.626221631454 -0.439205304386
0.958391105264 0.23856402268
1.10531687505 -0.534422146001
0.12332864803 -0.0181404288259
0.875286026632 -0.542346207734
0.180669266332 -0.334704787556
1.98841009257 0.218922284317
0.378853999078 1.18125113955
0.364713209252 0.738585651449
0.810534805306 -0.600964957008
1.7767125066 -0.271674042333
0.280433980903 0.959842402394
0.0993356868878 0.88537615129
-0.924834392101 0.44831188297
0.694011415078 0.610007551735
-1.10736377192 0.461691447588
2.06548789599 0.37933597385
1.03766524088 0.284047827301
1.93297355485 0.494035274655
0.770854386087 0.560881873007
-0.682262510191 0.354852220176
0.820506887272 0.560525191346
-0.214773162153 0.9738159212
1.95075169108 0.258101776654
0.977879576801 0.428957693952
1.04290375138 -0.473851320403
1.86634864492 0.156431902837
1.09843012023 -0.640672262186
0.513548806071 -0.358608317028
-1.01773517826 0.345365503004
1.31862857811 -0.243054023633
-0.67432801731 0.586305880732
-0.268085733884 0.953592250168
0.939874926136 0.264739006373
0.491404396418 -0.269746867162
1.61542133901 0.00993364037477
0.0765067470447 0.18856973
0.882295866991 0.10915020414
0.959577220193 0.286147406297
0.33308909068 1.03739706716
1.0698483152 -0.454466508506
-0.660093517052 0.596143231822
2.01369487164 0.164474659521
1.15091570164 -0.50203519374
1.9625050377 0.0923604839306
-0.803921470233 0.465469962591
-0.523112826615 0.93198635606
1.56677635005 -0.106573183739
0.202056205126 -0.0479341242541
1.89701004291 0.171835754711
1.58174610271 -0.454405348492
0.833031595525 -0.42938041895
0.652426236558 -0.422920392144
1.83484088375 -0.0445675750592
0.766246650779 0.6933351497
0.871621616592 -0.352488250184
-1.12570297171 0.201433620468
0.573151137054 -0.192703719555
-0.23537787448 1.01588441864
0.708301406207 0.233928712258
1.01353633752 -0.338996513247
0.731644637249 0.700262605816
1.97836570148 0.220211728327
0.0470066728224 1.02139673425
1.52043981543 -0.492378333377
-1.07930939207 0.143155456359
0.864454143245 0.738134225874
1.64743675788 -0.338357734923
0.253108075936 0.952265611775
-0.509289329009 0.773058086885
-0.286595593669 0.903867773987
1.27769564881 -0.512830261081
0.94837122636 0.0516941021258
-1.05829759863 0.19915686645
0.108956423661 0.143360638644
-0.114516478438 1.03850429262
0.256655570191 0.123279395348
0.957066264068 -0.435299680811
-0.0405448886422 0.102492538249
1.95974748096 0.346316963105
0.517201787295 -0.46501938769
0.113629743986 0.92356038052
1.92327602934 0.104537693512
1.23775295605 -0.255791098096
1.59717811215 -0.344600601231
-0.550209796607 0.586516285151
-0.711809393238 0.788896018437
0.449908506014 0.909047090022
0.910385210832 0.174185774293
0.161872515954 1.21165340147
-0.503326118874 0.952668105961
-0.116709120919 0.974526540949
1.75457281435 -0.307554970015
-1.13812495756 0.257797853232
-0.056115616013 0.252881224718
-0.648177671022 0.530316448483
0.99938177943 -0.445003014061
-0.517800764644 0.827854869063
-0.522613976932 0.878943641706
-0.279495982539 0.934865142245
-0.626350969447 0.852694758364
0.919734853625 -0.055351970747
0.233061392905 -0.23883389092
0.950531900488 -0.0579640414849
1.10517242163 -0.542608132969
0.426734243258 -0.147831437563
0.315067561697 0.102328164505
-0.836633018247 0.681179845535
1.19633115665 -0.610229051312
-0.732601744426 0.47392520717
0.698590029561 -0.416361749055
0.679673236126 -0.448578255392
1.05902997001 0.575927265088
0.764482419936 -0.356249790852
1.84728321765 0.519588961518
0.921746719755 -0.51943648175
0.10238688679 -0.285756073508
0.839978248286 0.361753522642
1.31430829339 -0.234413632672
-0.835020430314 0.330452160121
0.587946269517 -0.173074502828
-0.963903093086 0.420674175921
1.3660959679 -0.199206015185
1.88211769567 0.0527648982643
-0.543728438406 0.93998482339
-0.166393527533 0.328465100338
1.64857172959 -0.192649941464
0.0350665528159 0.304810346382
0.413703376791 1.00074767105
0.26435050814 0.966161267024
-0.445856236871 0.513298203643
1.5782997831 -0.402855119951
0.780885363419 -0.381871950364
0.626689649512 0.677925970491
0.320374934631 1.03542557339
0.175837140635 -0.0213132795935
-0.0476578256536 0.46785971881
0.602528343138 0.790942984561
-0.409329036359 0.884610517337
0.210212337803 1.01711577821
0.864535090093 -0.484775111597
1.62036178297 -0.359917651346
-1.0826849638 0.388399432447
0.0156702074673 0.555401391294
-0.208471885198 1.13471190357
0.955784675995 -0.533334058169
-0.199377239844 0.966470121886
0.0176629238569 -0.0787033179766
2.0147448853 0.419503924967
0.780163147094 0.495596531717
0.155869077373 -0.0644757283813
-0.743919706192 0.418696556494
-0.0730928011679 0.944692322812
0.849889824724 0.538411514695
-0.608362896097 0.656119000565
0.862795937674 0.00622425182945
-0.230030550241 1.14347923223
1.23624363992 -0.496812625188
1.88143608327 -0.0580695115461
0.712200766436 0.711545204608
0.254405199213 -0.00123730403957
1.72053648135 -0.119523509002
2.05471728799 0.0020654280994
-0.969399662976 0.0952213324991
0.881053680784 -0.593869782436
-0.521476815975 1.08667199888
1.0972955573 -0.403405568564
-0.363918885679 0.892555382311
1.20944047315 -0.423919661372
0.36424480108 1.06982574345
0.994199186266 -0.35941528434
0.889239996767 0.220382305769
0.319895854821 -0.211387677744
0.245973848475 -0.443706703034
1.07920459484 0.104978426755
0.575081899037 -0.569839344268
-0.877207916546 0.144130667128
2.05885967704 0.170076446099
-0.765012768482 0.406498227329
0.681147993632 0.801478054609
-0.517568009966 0.708920825295
0.456495317991 -0.473400738266
1.20442508543 -0.357551137195
1.62405364307 -0.0492389565582
0.192508284074 0.75264531413
-0.0396485744496 0.131995127471
-0.106320837141 1.14817181284
0.824213313885 0.740157381957
0.792278968387 0.673804393606
-0.714680552399 0.379674530672
1.5780130686 -0.295813145436
0.154009698043 0.960472041988
0.889575819999 0.133671631828
-0.25813936312 0.762901344261
1.95311571578 0.0696236075065
-0.570249038037 0.879752105807
1.97963118837 0.388628445173
-0.484204262394 0.877836427578
1.35450626213 -0.362500596687
-0.148435685338 0.345676813338
1.13800102203 -0.600760075505
0.831613571932 0.837493426033
0.64347730102 -0.452878236277
0.687552629708 1.06216545005
2.10432349368 0.324492877414
-1.00299132204 0.279909973081
0.454659670466 0.776503444026
1.63502139372 -0.137740832759
1.87007494924 0.0723367532088
1.61744875395 -0.411618888863
1.86773104707 0.261926896687
-0.134835966107 0.873659842059
0.650277424292 -0.411716995396
-0.164365379776 1.00717708808
0.0692807906491 0.0197129010059
1.00261724566 0.219312485282
1.94033292456 0.567370238954
-0.281848269727 1.0694883394
0.470927886041 1.00139184297
0.931659009079 -0.311558485045
0.510224037407 -0.220478581235
-0.856660178127 0.213601468358
1.53253397065 -0.389565912958
0.685302012757 -0.35030819495
1.18169841128 0.0643137996189
0.959703513325 -0.420623732168
0.355549014239 -0.174083241759
2.08781309139 0.32991403201
0.171240346544 -0.229455329847
-0.279764434531 0.875035204832
1.74439383912 -0.0412017329187
-1.10377806392 0.0416851060471
0.835052503214 0.660016146744
2.16572717291 0.382261265538
-0.0573263782136 1.13831603224
1.81956509795 -0.0208213798687
-0.168428606799 1.14023859098
0.153445852852 -0.0557041274761
0.830797984773 0.0625396678062
0.434273281938 -0.454175434092
1.61636684699 -0.120697568971
1.9306541204 0.0600570102648
-0.186866563395 0.893235804115
0.173344825328 0.0354912224589
0.711491993171 -0.59819083126
-0.564597265804 0.506054613771
1.15459273483 -0.36405092761
0.559283244778 0.846633533881
1.64777361315 -0.440038124667
0.048536655261 0.362770461265
0.311956764503 -0.242541229036
0.557550404507 -0.327011983223
-1.04232879191 0.573287080037
1.77277124271 0.164661158176
0.193958847728 0.953403969133
0.206806704272 0.0237721047457
0.489703512114 -0.252316175459
0.208915505473 0.0671061790391
-0.214796712836 0.981422780964
1.64286630758 -0.34512623114
2.00276865459 0.365428327578
-0.795406399415 0.280283165948
1.80183966938 0.0628638671946
1.70122764617 -0.106065238505
0.665961354575 0.852618641604
0.546551768326 -0.414122452968
-0.473997304273 0.942497194956
-0.48442902229 1.03183463445
0.25435525592 -0.0655843023805
-0.518311428427 1.01799756411
0.527054657463 0.736285523455
-0.293288560815 0.877735271723
-0.0461587175009 0.20965834368
0.74530127156 0.785248770322
1.57539501753 -0.162611488493
0.65119375767 -0.497806314467
0.0233930142261 0.28394356086
-0.211627450909 1.17377044841
0.862330857837 -0.42109111102
-0.487750519612 1.1441608016
-0.142953481528 0.303598565262
-0.863418190476 0.420343863008
0.136457782801 0.133071336991
0.234372745347 0.235713123079
0.00354196081779 0.204027937015
0.560256547791 -0.374744220529
-0.189092749557 0.254688858363
-1.00360285165 0.151710600351
-0.63107319847 0.725017322504
0.262435031024 -0.353355077144
0.752493636988 -0.413516467708
0.489786197766 -0.045020333712
0.0162334991935 1.07185841469
-0.19909056691 0.834256126379
0.934871689829 0.441672906254
1.48301376997 -0.176943703059
1.34548417163 -0.288609798946
1.40251387627 -0.475568341976
1.11562284136 -0.493369152896
0.110274378954 0.24298989331
0.18547666135 0.978819106785
1.92959820242 0.137859176885
-0.529991005837 0.810103610588
0.274889704885 -0.0727174134257
1.9355490488 0.0711127600278
-0.982072575072 0.462302479921
0.944810482453 -0.541946751132
0.615444689483 0.622145342761
1.81248233025 -0.0548453845548
0.266051967398 -0.283355645952
1.68308548377 -0.0712001428548
1.94030889405 0.509895894691
-1.08831500969 0.111542177226
-0.0200731113471 0.414470827311
1.73606164425 -0.0644555139673
-0.022395904155 0.231813872903
-0.0395268335038 0.254346204319
0.0297047943679 1.01735749151
0.191053482861 0.992902637334
0.264182831202 0.907454311971
0.776473282926 0.540350299257
1.34017298404 -0.509288610598
0.160231365312 0.913155676751
-1.07813998607 0.347417928524
0.268835225646 1.00362898836
-0.848872208703 0.516426493514
0.688614714514 -0.324932853605
-0.800133171985 0.53939881665
0.478093704663 0.759654091973
0.707440508103 0.357388324649
-1.01846085972 0.24007506285
0.891871122633 0.66094507562
0.946571525012 0.207919524559
-0.303750156165 1.10537530045
1.78294210794 -0.127324080361
-0.81972779299 0.501939371823
0.242655833519 -0.19973776413
0.942687500952 0.277179127835
-0.764987079291 0.776353316219
-0.793352707621 0.76395275838
0.486802814116 -0.310949990167
0.270018029578 -0.0526432385243
0.165634142524 0.866911447105
0.104060617563 0.997905992791
0.16102929963 0.90225519719
0.733295694125 0.516416484406
-0.471144526942 0.864288446858
-0.669119113206 0.287975602428
-1.05058830819 0.576694531395
0.771315416197 0.596150148136
0.349127290061 -0.256984740031
-0.785649017028 0.301766319154
1.40371896126 -0.29446045099
1.68049947658 -0.277882287774
-0.817791282773 0.660451797421
0.646694660884 -0.397219009502
-0.477519342757 0.850839974104
1.65658898615 -0.256731522913
0.973121918871 0.273302309235
0.436012780951 -0.19357078148
0.643667329496 -0.673068946536
0.0197112606676 1.06236985663
0.156359543572 0.92639171689
-0.852510841066 0.630342178962
0.0331122738131 0.0188225650587
0.309120659221 -0.156563651225
-0.554987230727 0.812652333409
0.450131365804 0.816964562923
0.864853902891 0.735412160723
0.300649746381 -0.275788685437
0.102571865675 1.14875317793
-0.911832857515 0.372631186205
1.05639218243 -0.0940502782242
1.25698836735 -0.436731622918
0.392331245668 -0.225970096548
0.566840703628 0.733666832884
-0.901960547841 0.355096775571
-1.0808076586 -0.0559182293665
0.171655549865 0.301464578912
0.861360861033 0.364826002897
1.14836330688 -0.631412079229
1.22485281693 -0.552736972317
0.20457425761 -0.0181799567352
1.35562336046 -0.335001523643
0.857446515158 -0.493622102315
-0.260863708669 1.00514613117
1.06962271094 -0.060641155637
0.214675281351 0.988198529314
-0.29529985315 0.87294482156
1.04429054896 0.266298293119
2.12705647872 0.0945489890763
0.135086630739 -0.184186270935
1.30825687246 -0.558786649767
2.13663790409 0.594965685666
-0.730246121412 0.776809325549
-0.21772913369 1.00380266401
-0.300020805566 0.794244007733
-0.443182251809 0.792886936218
0.0522555344184 1.03732531035
0.0317435377883 1.12605891894
-0.636289393558 0.269629668424
0.826513696138 0.716042523845
-1.04099971765 0.14240308496
0.0740809700095 0.128781332542
0.219107867961 -0.263312893481
1.95651099953 0.0595384775103
0.239615728092 1.04601264429
-0.726968377908 0.926640959488
0.558857044708 -0.175137222424
1.39799269254 -0.476350223673
-0.20629510194 0.890309321087
0.809548704402 -0.169495588403
0.247023562609 0.944586206463
-0.0421962364712 0.382308521289
1.66971749173 -0.0146325209132
1.80416885156 -0.0898225751279
-0.465158649383 0.937477766718
1.09522807061 -0.364094778028
1.53084531395 -0.302936009936
1.97452374653 0.423816294738
-0.989272643194 -0.045532671673
-0.375148621668 1.06374397386
0.0389884157396 1.24135649023
1.36636843409 -0.469641892198
0.225583887494 0.0324549196904
1.13782088142 0.107364330196
1.6966882081 -0.462630636434
0.198795898283 0.0377033101553
0.924444184936 -0.582809314874
0.501353585841 -0.53714963867
0.260014058585 -0.261541001544
0.27834746849 0.876730895957
2.08706104804 0.603092770941
-0.873312395878 0.508603340391
1.52545630995 -0.333689024603
-0.671158055204 0.661029181152
1.01320166215 0.272629874321
0.970361704734 0.502474490953
1.50358754372 -0.397958199118
0.297365224958 0.865936239427
0.797608024686 0.674472335699
0.00240740974915 0.885914610373
1.4528227744 -0.422147104499
-0.186486010938 0.845833685856
1.21616429997 -0.240206602816
-0.975583602528 0.142090852528
1.51279578377 -0.265034756639
0.361727219259 -0.411211241956
0.128528278856 0.302175785182
-1.0026965596 0.356072018777
0.836127358097 -0.528123998989
0.654646771359 0.666620867864
0.0410251661307 0.0321093238672
0.979940890916 -0.0491734099015
1.8089048772 0.273628340843
-0.961823817911 0.68053645768
1.61910881473 -0.424576731269
0.279945098573 -0.00262591275684
0.1346064621 0.626124256038
1.11890553289 0.164099915682
0.205808504154 -0.0191103573849
1.16539508833 -0.555858560629
0.805426545234 0.382991202849
1.77470973529 0.14047703336
-0.64440042267 0.837962249406
1.89004078329 0.0434904887195
2.18965729079 0.437211752427
1.84090881081 -0.151284099093
0.228298410824 -0.299648637124
-0.631703488764 0.646818672367
0.897657801048 -0.48756960082
0.944989186431 -0.535618775283
1.42688575175 -0.398923955058
0.926102037452 0.0401980101169
0.975556150273 -0.00520125898089
0.831645780893 0.330127192692
0.516665392482 0.783435916557
1.06625845043 -0.627475101538
1.70806122216 -0.4490035115
1.40268242395 -0.354691718019
0.944929590855 -0.450310173645
-0.969350303883 0.217416793024
-0.108082061822 0.96486902702
1.04464110804 -0.577511395914
1.93424975072 0.25049708197
0.205982702276 0.998198177909
1.28941058658 -0.617488600177
1.74467988838 -0.0550993137876
0.42200204193 -0.40787904246
0.373977614708 0.823462663569
0.942181002343 0.313991687707
1.76275608454 -0.210588399209
0.458454223638 -0.311106270006
0.644701440893 0.79240151147
-0.963060117726 -0.0903358457215
0.255011709698 1.03663137985
1.05447190883 0.214535559475
1.88585232773 0.142767230618
0.941871795426 0.448083202927
-0.021063612876 0.908407913529
1.84991909429 0.0994897024017
0.398204527613 0.643615411125
1.59024431474 -0.224602601701
1.22197706654 -0.414012892141
1.36452273687 -0.38825067105
2.1628793508 0.163146031487
-1.1716141392 0.0895991734234
1.02585916278 0.496864315403
-1.04093530829 -0.0325127645046
-0.21199611033 0.879652476022
0.41577636281 1.02298432611
0.091754378331 0.996076517328
0.336002122216 -0.427611977548
0.237368088777 0.326969072613
0.719022605796 0.615566354349
-1.01182844285 0.214302122817
-0.740694109817 0.620131624556
0.105884866611 -0.109428138173
2.0072015182 0.0684840303359
1.87476271217 -0.206022361587
-0.891668486925 0.30283518736
0.816551174703 0.75271246326
0.562651767648 0.66126777944
-0.400630575949 1.03365735258
0.203339591718 0.307590954155
1.10140687064 0.226384372814
0.84618178518 -0.509922926858
0.897760896581 0.192206274776
0.384954606589 -0.504646449773
0.818009031189 -0.591432989402
0.432012240917 -0.208066232201
0.524783743655 0.805634137384
0.951638863074 -0.460066870656
0.349823669366 1.01593869243
0.299018568654 0.969645992703
0.547681003682 -0.221741494065
0.578242270196 0.89433098834
0.599148981187 -0.342492739992
0.791950450306 -0.488241391932
-0.499724361369 0.940489248338
1.60799135124 -0.396355749479
1.08155700771 0.119382061549
1.64486968848 -0.51475266455
-0.0590207543056 0.925748301096
-0.674427668186 0.705122768511
-0.143431995981 1.17699402494
-0.625354300926 0.957332037542
-0.00791490292629 -0.0808641310091
0.758073008593 0.424769564724
0.905685470854 0.15480795501
0.220228418487 -0.00238412724502
0.863955775381 -0.476343749379
1.01211101414 -0.0157984558883
1.25760482705 -0.379891551512
1.70866431176 -0.139585811495
-0.931355311672 0.575338527296
0.642776515791 0.780664665018
1.91021391347 0.431032756126
0.765694044963 -0.461980206262
0.38254101312 -0.34955500017
0.688353873051 0.942598673422
-0.0874613486218 0.972644002338
1.68010298063 -0.430124104604
-0.907704487937 0.415003796434
0.246276382034 -0.124365942085
0.633305778545 0.695230623798
-0.412583854395 0.894715370357
0.325778059688 1.10719243149
1.92177187465 0.0375313012784
0.0259353967303 0.474154186273
0.70438367931 0.620770483905
0.919248130768 -0.489514153229
0.366964904066 -0.195138583913
1.7001979803 -0.278229129121
1.0399226231 -0.678519025594
0.617091670966 -0.314926380815
-1.15476739644 0.0940745483659
-0.344530997759 0.766283881134
2.15695315766 0.562292400775
-0.181983154197 1.13898375877
0.796142461853 0.51445722551
1.90773107376 0.491636252422
-0.450990572056 0.830318042854
1.70833834348 -0.192636281973
2.04708615046 0.128978888067
-0.51202652352 0.6697688728
0.581655442377 0.837368423965
1.91078432046 0.0820308511261
-0.460689264905 0.896181262133
0.812005012284 0.586327426943
0.446807328924 0.98316496419
-0.575792863419 0.703799966761
0.64444922715 -0.221917795042
0.0874128928738 1.04378909486
0.229708967473 -0.190459126031
0.413654176877 0.914941165125
-0.0638714921329 0.302411155199
0.576188228352 0.820133337218
1.10978492924 -0.525265336408
-0.134100939097 0.325698769068
0.898630465729 -0.675792171319
0.318106733535 -0.348343180169
2.04834420526 0.263772015527
0.281846432363 0.22222889127
0.155907665729 0.18184382928
-0.606122894636 0.817969767446
-0.488506761041 0.925224805694
0.0325949405369 0.339927976213
-0.0525586144125 0.484062339719
0.825248094531 0.787927244241
0.578864185134 -0.411639655358
-1.14408317848 0.0463916166765
-0.910664199209 0.765862741153
0.108052767919 0.0551785359232
0.668589381894 0.886756021908
1.6962197707 -0.0711039328043
-0.671543699758 0.832589467038
1.03304397356 -0.37042189828
0.637505507728 -0.288862684678
0.106149208247 0.0188583235675
-0.812125997324 0.791249980999
0.957742051843 0.13016956803
0.680177277302 0.493569214597
-0.0121513587393 0.967913806401
1.13079061329 0.454863962948
1.0702346032 0.286030407965
-0.908930879907 0.292247322449
1.11054032066 -0.475266806744
-0.383000262915 0.873027957843
-0.818439821249 0.554543037835
1.75815084442 -0.253848773262
-1.01646623174 0.154026630751
2.04686653026 0.100177634145
0.795321906991 0.397367376126
-0.306258099397 1.03755487251
-0.0245878733748 0.554361099108
0.462026032372 -0.220678194009
1.7728480561 -0.147538574722
0.159004113644 0.97658565195
-0.198370644232 0.993420576945
1.38880029323 -0.375205303474
-0.038385354585 0.315531282146
-0.275735099447 0.940065937523
0.118328313945 0.277074184583
0.0984862147825 0.333027145775
1.1513477391 -0.443981379625
1.73206926796 -0.071397087441
-0.700692412511 0.628237095966
1.18928895973 -0.549478905302
0.0823878189517 0.495915198012
-0.96029412868 0.478357439587
1.65906138653 -0.164943796843
0.118901688518 0.210293574536
1.75132942962 0.142020724697
1.07159952095 -0.358736076214
0.831139933339 0.386996018384
0.0446046519541 0.464069522534
0.676315030047 0.769865212905
0.983321194474 0.0112506865315
0.466960180367 -0.55065488063
0.114456826411 0.0851915000328
1.9164331052 0.207239418305
0.908761030015 0.408134381202
0.973179859183 0.210601021834
-1.04470104097 0.0877191748244
1.77488471059 0.0404146487724
0.924990998185 0.562630716013
0.742656573217 0.893525203462
-1.00717478842 0.171620737024
0.343053620473 -0.362033946844
0.941308280292 0.149350782821
1.58313695032 -0.269589144126
2.04323048423 0.369106378392
0.854480909268 -0.575349357683
0.534713190541 0.824155398465
-0.558062104716 1.02129589729
2.0128524814 0.19976818041
0.50308940747 0.813174481236
-1.12606896373 0.113508805759
-1.0574690696 0.0345812061337
-1.0635337535 0.726395194042
0.847500976331 0.293475071102
1.86434825736 -0.167633041027
0.934979840058 -0.518948724978
0.629096445964 -0.447335551955
0.347199921562 0.904461222805
-0.723506636724 0.707760342999
-0.691833992327 0.643733713947
-0.0572696674989 1.06572638194
0.292837010368 0.768451002324
2.08031686894 0.321772370525
1.4296945431 -0.284794608366
0.0210814946496 0.383927589711
1.6140517762 -0.201141185819
-0.906034640806 0.242260021002
0.671298456786 -0.39988785798
-0.822624419624 0.303990128405
2.01658149332 0.167812927103
-0.448185880119 0.756757873182
0.333979467357 -0.438832991121
0.336769913283 1.02124466126
1.0309327187 0.0332074554887
1.66818539041 -0.180275123364
1.79018485892 -0.0730629948412
0.0738707357082 0.477012828095
-0.948222707138 0.14377570106
0.143279542147 0.745223251595
1.71075011138 -0.204539756133
0.12606044382 0.121434775593
1.02561171706 0.401632443328
0.234890828717 0.809353966031
-0.0197605498148 0.358090601461
0.0032753517392 0.146141621977
-1.12656471161 0.600580360127
1.39027949547 -0.43433794082
-0.834495771426 0.713757061286
0.332050121473 -0.00484548114105
0.0625868843491 0.207724208384
1.03255264381 0.536297901166
0.889094057083 0.53268651631
-1.09221636166 0.14866260718
0.178548933739 0.0152726460384
-0.458919531995 1.00301899313
0.946583633302 0.317299208175
0.00658761850269 0.399866609683
0.466739171085 0.859604446432
0.323404273055 -0.281131872991
0.612204718156 -0.545181731398
-0.857944243351 0.170691956008
0.58221786239 0.924072433627
-0.781784039847 0.50797932347
0.506799736596 -0.224975014793
0.804786778688 -0.426247788262
-0.571090227105 0.668429393477
0.686033803138 -0.32401128823
1.2072473255 -0.469786501623
0.253985689139 0.989765494748
-0.367016535745 0.893067124083
1.01646834461 0.240927877697
0.162930516797 -0.163647580853
1.20217651371 -0.2423479138
-0.522312766301 0.750147499049
0.164266555763 -0.267799231759
0.0691719781766 0.467476977214
0.132894124844 -0.0962536765159
1.85261835142 0.376605736977
1.43090233977 -0.418614079131
0.0508165207667 -0.0660515056067
-0.828779175683 0.265277910061
-0.870302359675 0.314508314193
1.86684089031 -0.112992135947
-0.740008848337 0.468469126536
1.57662882258 -0.462358058423
0.363138115475 -0.532231571917
-0.945118151318 0.334048528748
-0.730213414012 0.578843450497
1.75441856704 -0.183771704411
-0.697110157243 0.751696116968
-0.109646652149 0.427576781359
-0.113491698039 0.814736992558
0.171129182037 0.0400564553545
-0.755439882549 0.624858865163
0.861951095773 0.304336714791
-0.221839407197 0.663599543867
-1.07489371573 0.0755283006327
-0.584396708192 0.680771721046
1.61851562142 -0.200185922842
0.605392872212 0.741511559697
-0.633048740903 0.733567614753
0.283444656609 0.874113205868
0.890760172314 0.601453233076
-1.09157653644 0.242812829621
1.87333846307 -0.297138372798
0.761052378521 0.411793052128
1.91772912558 0.468496327041
0.446346960174 -0.586073346702
1.81306237492 -0.244919992479
1.28491544019 -0.254701059118
-0.733711526632 0.624259201702
2.11673771085 0.374356658654
0.869268934536 0.434499803823
-0.948219776657 0.68940923731
1.09233659162 -0.443346158582
-0.571547702783 0.859740918579
-0.0894465111913 1.25960522269
0.0900580336979 0.26606681731
-0.446099897322 0.832461632413
1.17099259233 -0.343771973139
1.56584338319 -0.324204589648
-0.733026607308 0.71829125906
0.669424664281 0.770585060536
0.892365327111 0.199692577247
-0.0714356573617 0.461128257782
0.487290361191 0.815345961795
0.443075974251 -0.0744126668861
1.93474995555 0.0757023361735
1.92018628637 0.316175299466
0.880075728311 0.41523114592
-0.0338114420772 1.08419811038
-0.944871117456 0.485848629274
0.34478485766 0.983387507946
0.113752730901 1.05019864016
-0.817240141769 0.399021578381
-1.21293627603 -0.15014601851
-0.0147718925583 0.390005357848
1.17219766 -0.311119709967
1.68109878508 -0.113939904931
0.32548178718 -0.538811948784
0.838588302763 0.542846764746
1.92784078706 -0.180194339673
1.31696843992 -0.337808472697
0.844470457984 -0.610143935425
-0.163963556579 1.01756492303
0.937626300104 -0.521898895841
0.0393102876442 -0.142321763634
0.668355471039 0.633344057351
0.232678519649 -0.138072222
-0.817683530179 0.335930098876
0.706551850866 0.635305131952
0.217202965672 0.81928514648
0.212770881668 -0.0826755692367
0.595183785515 -0.416365049266
-0.688783571742 0.455908189871
0.639342029041 -0.482682020997
-0.750991677062 0.65018184659
0.146459344199 -0.0737171139202
-1.02207564854 0.412423714588
0.0210058058915 -0.0689338622575
0.79136082941 0.228470710391
0.246053219555 0.827749496845
0.0269927907343 0.492885771957
-1.05221565602 0.251394869535
0.0549846805078 0.265394966667
0.240484071922 -0.111657884057
0.75272052176 0.201019540295
2.05788103174 0.480612683402
1.94574345188 0.543381073612
-1.02919135052 0.320582956201
0.958541545547 -0.524002485521
0.473419854016 -0.305228988171
1.04875751621 0.000946467725816
-0.87540242624 0.604848255645
-0.127160373357 0.938591701657
0.0353660186174 0.417365756968
0.99030538438 0.172420823562
0.565116041671 -0.535146546635
-1.1592780068 0.1655088541
0.488513274482 0.829684665708
0.419398460018 -0.401093638301
-1.07615350771 0.42841160499
-0.34869220161 0.955609092325
-1.15022640158 0.026282712295
-0.0660375872081 1.02889147376
1.93414415542 -0.0207784022611
0.663973469706 0.88792581984
1.97835514173 -0.00439144052927
1.28632876347 -0.552723559461
0.223908516252 0.937544642485
0.95141032203 0.47046033547
-0.550525493623 0.867834256762
0.776649287269 0.303069332832
0.214756174375 -0.0869677869173
0.236666400054 -0.184123095404
0.290556787328 0.411034014763
-0.32970709037 0.893377894818
0.638407104249 0.653882021663
2.01281517572 0.579581078038
0.116964162932 0.324874184803
1.22773310584 -0.622296631785
0.972901607247 -0.461371010371
-0.333023152765 0.919314279395
1.73953049587 -0.0482936842575
1.06084145093 0.0902604664217
-0.83006716433 0.464309566065
-0.941017906427 0.14888709375
1.87470716688 0.215762115328
-0.799695567775 0.635229247234
1.38213971901 -0.394290801947
1.04967029671 -0.48464823855
0.790051063924 0.761947076216
1.09250920711 -0.57043042294
1.81164968984 -0.0555738744193
0.3758551742 -0.126974741244
0.40717349173 0.928938887815
0.897720788989 0.458291016366
0.691043930172 0.940142196217
-0.774087443894 0.693163738292
1.66283209663 -0.0196057337175
0.166557439321 1.08813250845
0.992428486222 -0.601337053318
0.883618712468 0.162065204867
0.430523714373 0.764786944632
0.0335520547714 0.128477872438
0.182266779807 0.913073987598
-0.860780564019 0.319164408627
0.422200975018 0.872220648667
